1.0000 0.0000 0.0000 0.0000 0.0000 1.0000 0.0000 0.0000 0.0000 0.0000 1.0000 0.0000
1.0000 0.0010 0.0012 -0.0156 -0.0010 1.0000 -0.0030 -0.0222 -0.0012 0.0030 1.0000 1.5237
1.0000 0.0026 0.0024 -0.0272 -0.0026 1.0000 -0.0032 -0.0062 -0.0024 0.0032 1.0000 3.0068
1.0000 0.0001 0.0037 -0.0277 -0.0001 1.0000 -0.0021 -0.0255 -0.0037 0.0021 1.0000 4.5879
1.0000 0.0007 0.0057 -0.0526 -0.0007 1.0000 -0.0027 -0.0814 -0.0057 0.0027 1.0000 6.1326
1.0000 -0.0012 0.0074 -0.0552 0.0012 1.0000 -0.0020 -0.0954 -0.0074 0.0020 1.0000 7.6484
1.0000 -0.0006 0.0087 -0.0521 0.0006 1.0000 -0.0026 -0.1448 -0.0087 0.0026 1.0000 9.1918
0.9999 0.0016 0.0102 -0.0489 -0.0016 1.0000 -0.0015 -0.1622 -0.0102 0.0015 0.9999 10.6636
0.9999 0.0025 0.0113 -0.0312 -0.0025 1.0000 -0.0011 -0.1726 -0.0113 0.0011 0.9999 12.1218
0.9999 0.0021 0.0116 -0.0559 -0.0021 1.0000 -0.0010 -0.1996 -0.0116 0.0010 0.9999 13.6294
0.9999 0.0017 0.0127 -0.0465 -0.0017 1.0000 -0.0009 -0.2267 -0.0127 0.0008 0.9999 15.1331
0.9999 -0.0012 0.0135 -0.0308 0.0013 1.0000 -0.0008 -0.2236 -0.0135 0.0008 0.9999 16.6249
0.9999 0.0003 0.0133 -0.0325 -0.0003 1.0000 -0.0004 -0.2106 -0.0133 0.0004 0.9999 18.3682
0.9999 -0.0023 0.0152 0.0432 0.0023 1.0000 -0.0008 -0.2038 -0.0152 0.0009 0.9999 19.9825
0.9999 -0.0032 0.0153 0.0539 0.0032 1.0000 -0.0008 -0.2430 -0.0153 0.0009 0.9999 21.3978
0.9999 -0.0041 0.0147 0.0289 0.0042 1.0000 -0.0009 -0.2617 -0.0147 0.0010 0.9999 22.8124
0.9999 -0.0056 0.0153 0.0399 0.0056 1.0000 -0.0012 -0.2663 -0.0153 0.0013 0.9999 24.3401
0.9999 -0.0066 0.0157 0.0704 0.0067 1.0000 -0.0028 -0.2965 -0.0157 0.0029 0.9999 25.8629
0.9999 -0.0074 0.0155 0.0644 0.0074 1.0000 -0.0011 -0.3071 -0.0155 0.0012 0.9999 27.3691
0.9998 -0.0101 0.0144 0.0169 0.0101 0.9999 0.0007 -0.3281 -0.0145 -0.0006 0.9999 28.8044
0.9999 -0.0089 0.0141 0.0370 0.0089 1.0000 0.0008 -0.3415 -0.0142 -0.0007 0.9999 30.1248
0.9999 -0.0072 0.0153 0.0754 0.0072 1.0000 -0.0014 -0.3621 -0.0153 0.0015 0.9999 31.5753
0.9999 -0.0044 0.0151 0.1101 0.0045 1.0000 -0.0028 -0.4019 -0.0151 0.0029 0.9999 32.9784
0.9999 -0.0045 0.0138 0.1091 0.0045 1.0000 -0.0024 -0.4333 -0.0138 0.0025 0.9999 34.3640
0.9999 -0.0054 0.0137 0.1591 0.0054 1.0000 -0.0008 -0.4937 -0.0136 0.0009 0.9999 35.7926
0.9999 -0.0074 0.0137 0.2123 0.0074 1.0000 -0.0004 -0.5214 -0.0137 0.0005 0.9999 37.2191
0.9999 -0.0081 0.0120 0.2162 0.0081 1.0000 0.0007 -0.5444 -0.0120 -0.0007 0.9999 38.4892
0.9999 -0.0084 0.0116 0.2643 0.0084 1.0000 -0.0009 -0.6069 -0.0116 0.0010 0.9999 39.8376
0.9999 -0.0091 0.0104 0.2830 0.0091 1.0000 -0.0031 -0.6772 -0.0104 0.0032 0.9999 41.1628
0.9999 -0.0069 0.0090 0.3199 0.0069 1.0000 -0.0041 -0.7085 -0.0090 0.0041 1.0000 42.6528
0.9999 -0.0078 0.0081 0.4015 0.0079 1.0000 -0.0045 -0.7168 -0.0080 0.0046 1.0000 44.1983
0.9999 -0.0091 0.0051 0.3906 0.0091 1.0000 -0.0038 -0.7480 -0.0050 0.0039 1.0000 45.5306
1.0000 -0.0087 0.0012 0.4042 0.0087 1.0000 -0.0018 -0.7672 -0.0012 0.0018 1.0000 46.7292
1.0000 -0.0085 -0.0017 0.4468 0.0085 1.0000 -0.0003 -0.7953 0.0017 0.0003 1.0000 48.0535
1.0000 -0.0078 -0.0046 0.4735 0.0078 1.0000 -0.0008 -0.8073 0.0046 0.0008 1.0000 49.2542
0.9999 -0.0093 -0.0092 0.4836 0.0093 1.0000 -0.0006 -0.8405 0.0092 0.0005 1.0000 50.5175
0.9998 -0.0117 -0.0152 0.4450 0.0117 0.9999 0.0005 -0.8609 0.0152 -0.0007 0.9999 51.7527
0.9996 -0.0144 -0.0232 0.3818 0.0144 0.9999 0.0007 -0.8762 0.0232 -0.0010 0.9997 52.9345
0.9994 -0.0165 -0.0304 0.3894 0.0165 0.9999 -0.0004 -0.8925 0.0304 -0.0001 0.9995 54.1513
0.9990 -0.0196 -0.0409 0.3348 0.0196 0.9998 -0.0012 -0.9116 0.0409 0.0004 0.9992 55.3383
0.9983 -0.0226 -0.0537 0.2887 0.0225 0.9997 -0.0015 -0.9388 0.0537 0.0003 0.9986 56.5724
0.9973 -0.0254 -0.0683 0.2039 0.0253 0.9997 -0.0023 -0.9636 0.0683 0.0006 0.9977 57.6790
0.9960 -0.0280 -0.0846 0.1046 0.0277 0.9996 -0.0039 -0.9953 0.0847 0.0016 0.9964 58.7744
0.9943 -0.0294 -0.1024 0.0041 0.0290 0.9996 -0.0051 -1.0275 0.1025 0.0021 0.9947 59.7933
0.9921 -0.0308 -0.1219 -0.1443 0.0304 0.9995 -0.0050 -1.0650 0.1220 0.0013 0.9925 60.9099
0.9893 -0.0321 -0.1425 -0.2611 0.0318 0.9995 -0.0043 -1.0891 0.1425 -0.0002 0.9898 61.9617
0.9862 -0.0298 -0.1630 -0.3950 0.0296 0.9996 -0.0038 -1.0922 0.1631 -0.0011 0.9866 63.0723
0.9824 -0.0257 -0.1849 -0.5573 0.0253 0.9997 -0.0044 -1.0897 0.1850 -0.0003 0.9827 64.0968
0.9778 -0.0205 -0.2087 -0.8101 0.0199 0.9998 -0.0052 -1.1502 0.2088 0.0009 0.9780 65.2748
0.9724 -0.0162 -0.2327 -1.0313 0.0158 0.9999 -0.0035 -1.1722 0.2327 -0.0003 0.9725 66.2797
0.9661 -0.0092 -0.2579 -1.2817 0.0096 1.0000 0.0001 -1.1863 0.2578 -0.0026 0.9662 67.3096
0.9589 -0.0065 -0.2838 -1.5443 0.0071 1.0000 0.0012 -1.1952 0.2838 -0.0032 0.9589 68.3278
0.9505 -0.0044 -0.3106 -1.8290 0.0045 1.0000 -0.0004 -1.2279 0.3106 -0.0010 0.9505 69.2563
0.9410 -0.0002 -0.3384 -2.1568 -0.0003 1.0000 -0.0012 -1.2435 0.3384 0.0012 0.9410 70.2487
0.9301 0.0025 -0.3673 -2.5072 -0.0024 1.0000 0.0007 -1.2710 0.3673 0.0002 0.9301 71.1815
0.9182 0.0041 -0.3961 -2.8486 -0.0018 1.0000 0.0061 -1.2705 0.3961 -0.0049 0.9182 72.0619
0.9050 0.0069 -0.4253 -3.2448 -0.0018 0.9999 0.0124 -1.2790 0.4253 -0.0105 0.9050 72.9560
0.8909 0.0111 -0.4541 -3.6480 -0.0037 0.9998 0.0172 -1.2715 0.4542 -0.0136 0.8908 73.8081
0.8754 0.0105 -0.4832 -4.0775 -0.0037 0.9999 0.0150 -1.2547 0.4833 -0.0113 0.8754 74.6896
0.8569 0.0057 -0.5154 -4.5761 -0.0011 1.0000 0.0093 -1.2388 0.5154 -0.0074 0.8569 75.4962
0.8376 0.0045 -0.5462 -5.0948 -0.0017 1.0000 0.0055 -1.2603 0.5462 -0.0037 0.8376 76.3699
0.8171 0.0000 -0.5765 -5.5536 0.0056 1.0000 0.0080 -1.2696 0.5765 -0.0097 0.8170 77.1308
0.7956 -0.0023 -0.6058 -6.1035 0.0132 0.9998 0.0135 -1.2448 0.6057 -0.0187 0.7955 77.9439
0.7744 -0.0019 -0.6327 -6.6241 0.0149 0.9998 0.0152 -1.2398 0.6325 -0.0213 0.7743 78.6762
0.7502 0.0012 -0.6612 -7.2566 0.0132 0.9998 0.0168 -1.1848 0.6611 -0.0213 0.7500 79.3798
0.7265 0.0017 -0.6872 -7.8519 0.0138 0.9998 0.0171 -1.1625 0.6870 -0.0219 0.7263 80.1165
0.7025 0.0033 -0.7117 -8.4397 0.0166 0.9996 0.0211 -1.1333 0.7115 -0.0266 0.7022 80.8165
0.6775 0.0046 -0.7355 -9.1007 0.0192 0.9995 0.0239 -1.1045 0.7353 -0.0303 0.6771 81.4976
0.6534 0.0001 -0.7570 -9.5269 0.0245 0.9995 0.0213 -1.0634 0.7566 -0.0325 0.6531 82.0606
0.6260 0.0022 -0.7798 -10.2702 0.0255 0.9994 0.0233 -1.0430 0.7794 -0.0344 0.6256 82.6985
0.5968 0.0021 -0.8024 -10.9724 0.0323 0.9991 0.0266 -1.0287 0.8017 -0.0417 0.5963 83.2457
0.5617 0.0028 -0.8273 -11.9310 0.0433 0.9985 0.0328 -0.9370 0.8262 -0.0542 0.5608 83.7242
0.5308 0.0039 -0.8475 -12.6641 0.0517 0.9980 0.0370 -0.9050 0.8459 -0.0635 0.5295 84.1829
0.4989 0.0026 -0.8666 -13.4407 0.0568 0.9977 0.0357 -0.8714 0.8648 -0.0670 0.4977 84.6682
0.4655 0.0017 -0.8851 -14.3138 0.0564 0.9979 0.0315 -0.8605 0.8833 -0.0646 0.4644 85.1091
0.4302 -0.0029 -0.9027 -15.1545 0.0549 0.9982 0.0230 -0.8712 0.9011 -0.0594 0.4296 85.5047
0.3955 -0.0059 -0.9184 -16.0068 0.0568 0.9982 0.0180 -0.8447 0.9167 -0.0593 0.3952 85.9036
0.3593 -0.0112 -0.9332 -16.9201 0.0592 0.9982 0.0108 -0.8461 0.9313 -0.0591 0.3593 86.2506
0.3245 -0.0149 -0.9458 -17.7480 0.0616 0.9981 0.0054 -0.8218 0.9439 -0.0600 0.3248 86.5959
0.2874 -0.0157 -0.9577 -18.6932 0.0602 0.9982 0.0017 -0.8331 0.9559 -0.0581 0.2878 86.8953
0.2527 -0.0155 -0.9674 -19.6107 0.0602 0.9982 -0.0003 -0.8292 0.9657 -0.0581 0.2531 87.1988
0.2149 -0.0125 -0.9766 -20.6222 0.0601 0.9982 0.0005 -0.8391 0.9748 -0.0588 0.2152 87.3828
0.1805 -0.0089 -0.9835 -21.5863 0.0590 0.9983 0.0018 -0.8422 0.9818 -0.0583 0.1808 87.6201
0.1463 -0.0007 -0.9892 -22.5402 0.0575 0.9983 0.0078 -0.8673 0.9876 -0.0580 0.1461 87.7912
0.1102 0.0052 -0.9939 -23.5671 0.0600 0.9981 0.0119 -0.8884 0.9921 -0.0609 0.1097 87.8609
0.0776 0.0073 -0.9970 -24.5721 0.0658 0.9978 0.0124 -0.8620 0.9948 -0.0666 0.0769 87.9578
0.0472 0.0133 -0.9988 -25.6157 0.0700 0.9974 0.0166 -0.8490 0.9964 -0.0707 0.0461 88.0109
0.0210 0.0170 -0.9996 -26.6116 0.0687 0.9975 0.0184 -0.8254 0.9974 -0.0690 0.0197 88.0363
-0.0018 0.0185 -0.9998 -27.5988 0.0650 0.9977 0.0184 -0.8247 0.9979 -0.0649 -0.0030 88.0434
-0.0202 0.0200 -0.9996 -28.5945 0.0617 0.9979 0.0187 -0.8232 0.9979 -0.0613 -0.0213 88.0453
-0.0377 0.0221 -0.9990 -29.6208 0.0647 0.9977 0.0196 -0.8266 0.9972 -0.0639 -0.0391 87.9756
-0.0505 0.0252 -0.9984 -30.6384 0.0693 0.9974 0.0217 -0.7964 0.9963 -0.0681 -0.0521 87.9935
-0.0645 0.0297 -0.9975 -31.6627 0.0740 0.9970 0.0249 -0.8094 0.9952 -0.0722 -0.0665 87.7793
-0.0713 0.0364 -0.9968 -32.6910 0.0770 0.9966 0.0309 -0.7862 0.9945 -0.0746 -0.0739 87.7552
-0.0776 0.0392 -0.9962 -33.7048 0.0821 0.9961 0.0328 -0.7662 0.9936 -0.0793 -0.0805 87.6700
-0.0815 0.0391 -0.9959 -34.6469 0.0867 0.9957 0.0320 -0.7523 0.9929 -0.0837 -0.0845 87.5949
-0.0861 0.0395 -0.9955 -35.6854 0.0916 0.9953 0.0316 -0.7051 0.9921 -0.0884 -0.0894 87.4461
-0.0889 0.0386 -0.9953 -36.6792 0.0946 0.9951 0.0301 -0.6907 0.9915 -0.0915 -0.0921 87.3624
-0.0928 0.0395 -0.9949 -37.5975 0.0972 0.9948 0.0305 -0.7094 0.9909 -0.0938 -0.0962 87.2540
-0.0943 0.0424 -0.9946 -38.5825 0.1011 0.9943 0.0328 -0.6775 0.9904 -0.0975 -0.0980 87.1891
-0.0961 0.0460 -0.9943 -39.5544 0.1032 0.9940 0.0360 -0.6109 0.9900 -0.0991 -0.1002 87.1267
-0.0992 0.0453 -0.9940 -40.5960 0.1030 0.9941 0.0350 -0.5635 0.9897 -0.0989 -0.1033 86.9833
-0.1033 0.0448 -0.9936 -41.5920 0.1022 0.9942 0.0342 -0.5508 0.9894 -0.0980 -0.1073 86.8205
-0.1050 0.0449 -0.9935 -42.6582 0.1020 0.9942 0.0341 -0.5573 0.9892 -0.0978 -0.1090 86.7224
-0.1063 0.0447 -0.9933 -43.6577 0.1034 0.9941 0.0337 -0.5265 0.9890 -0.0991 -0.1103 86.6581
-0.1094 0.0460 -0.9929 -44.6321 0.1056 0.9938 0.0344 -0.5208 0.9884 -0.1011 -0.1136 86.4938
-0.1124 0.0438 -0.9927 -45.5985 0.1083 0.9936 0.0316 -0.5176 0.9878 -0.1039 -0.1164 86.3771
-0.1154 0.0413 -0.9925 -46.6836 0.1119 0.9933 0.0283 -0.4889 0.9870 -0.1078 -0.1192 86.1887
-0.1200 0.0364 -0.9921 -47.6432 0.1140 0.9932 0.0226 -0.4660 0.9862 -0.1104 -0.1234 86.0164
-0.1220 0.0345 -0.9919 -48.7359 0.1116 0.9935 0.0208 -0.4583 0.9862 -0.1082 -0.1251 85.9138
-0.1251 0.0317 -0.9916 -49.7913 0.1081 0.9940 0.0182 -0.4337 0.9862 -0.1049 -0.1278 85.7718
-0.1268 0.0329 -0.9914 -50.8459 0.1057 0.9942 0.0195 -0.4317 0.9863 -0.1023 -0.1295 85.6472
-0.1275 0.0327 -0.9913 -51.9292 0.1060 0.9942 0.0192 -0.4203 0.9862 -0.1027 -0.1302 85.5353
-0.1288 0.0336 -0.9911 -52.9598 0.1083 0.9939 0.0196 -0.4193 0.9857 -0.1048 -0.1317 85.4074
-0.1300 0.0365 -0.9908 -53.9917 0.1110 0.9936 0.0220 -0.4005 0.9853 -0.1071 -0.1332 85.2284
-0.1307 0.0346 -0.9908 -55.0318 0.1115 0.9936 0.0200 -0.3840 0.9851 -0.1079 -0.1337 85.0853
-0.1299 0.0327 -0.9910 -55.9951 0.1112 0.9936 0.0182 -0.3534 0.9853 -0.1078 -0.1327 84.9804
-0.1295 0.0296 -0.9911 -57.0850 0.1110 0.9937 0.0152 -0.3191 0.9853 -0.1080 -0.1320 84.8448
-0.1283 0.0260 -0.9914 -58.1059 0.1114 0.9937 0.0116 -0.3142 0.9855 -0.1090 -0.1304 84.7578
-0.1296 0.0222 -0.9913 -59.1768 0.1129 0.9936 0.0075 -0.2891 0.9851 -0.1109 -0.1312 84.5977
-0.1294 0.0192 -0.9914 -60.3046 0.1120 0.9937 0.0047 -0.2952 0.9853 -0.1104 -0.1307 84.4371
-0.1301 0.0212 -0.9913 -61.3833 0.1071 0.9942 0.0072 -0.2864 0.9857 -0.1052 -0.1317 84.2711
-0.1302 0.0248 -0.9912 -62.4856 0.0991 0.9950 0.0119 -0.2855 0.9865 -0.0967 -0.1320 84.1164
-0.1305 0.0310 -0.9910 -63.5731 0.0941 0.9954 0.0187 -0.2959 0.9870 -0.0908 -0.1328 83.9492
-0.1284 0.0386 -0.9910 -64.6637 0.0971 0.9949 0.0261 -0.2701 0.9870 -0.0929 -0.1315 83.8325
-0.1249 0.0466 -0.9911 -65.8679 0.1035 0.9941 0.0337 -0.1953 0.9868 -0.0984 -0.1290 83.7074
-0.1240 0.0494 -0.9911 -67.0078 0.1088 0.9934 0.0359 -0.1598 0.9863 -0.1033 -0.1285 83.5515
-0.1246 0.0483 -0.9910 -67.9320 0.1132 0.9930 0.0342 -0.1559 0.9857 -0.1079 -0.1291 83.4224
-0.1251 0.0434 -0.9912 -69.0392 0.1121 0.9933 0.0293 -0.0945 0.9858 -0.1074 -0.1292 83.2477
-0.1230 0.0422 -0.9915 -70.1168 0.1084 0.9937 0.0289 -0.0323 0.9865 -0.1039 -0.1268 83.1275
-0.1238 0.0394 -0.9915 -71.2482 0.1072 0.9939 0.0261 -0.0007 0.9865 -0.1031 -0.1272 82.9646
-0.1243 0.0368 -0.9916 -72.3712 0.1082 0.9939 0.0233 0.0264 0.9863 -0.1044 -0.1275 82.8093
-0.1230 0.0378 -0.9917 -73.5251 0.1145 0.9931 0.0236 0.0916 0.9858 -0.1106 -0.1264 82.6696
-0.1223 0.0372 -0.9918 -74.6875 0.1168 0.9929 0.0228 0.1111 0.9856 -0.1131 -0.1258 82.5118
-0.1198 0.0383 -0.9921 -75.8238 0.1146 0.9931 0.0245 0.1061 0.9862 -0.1107 -0.1234 82.4114
-0.1196 0.0385 -0.9921 -76.9984 0.1084 0.9938 0.0255 0.1124 0.9869 -0.1045 -0.1230 82.2502
-0.1191 0.0369 -0.9922 -78.1012 0.1075 0.9939 0.0240 0.1410 0.9871 -0.1038 -0.1223 82.1522
-0.1192 0.0351 -0.9922 -79.2726 0.1106 0.9936 0.0219 0.1658 0.9867 -0.1071 -0.1223 81.9589
-0.1184 0.0376 -0.9923 -80.4631 0.1146 0.9931 0.0239 0.2282 0.9863 -0.1109 -0.1219 81.8104
-0.1189 0.0377 -0.9922 -81.6149 0.1135 0.9933 0.0241 0.2394 0.9864 -0.1097 -0.1224 81.6573
-0.1204 0.0379 -0.9920 -82.7434 0.1095 0.9937 0.0247 0.2317 0.9867 -0.1057 -0.1238 81.4502
-0.1200 0.0392 -0.9920 -83.9454 0.1081 0.9938 0.0262 0.2290 0.9869 -0.1041 -0.1235 81.2659
-0.1191 0.0414 -0.9920 -85.0833 0.1095 0.9936 0.0283 0.2605 0.9868 -0.1053 -0.1228 81.1134
-0.1186 0.0415 -0.9921 -86.2992 0.1100 0.9935 0.0284 0.2676 0.9868 -0.1057 -0.1224 80.9235
-0.1165 0.0439 -0.9922 -87.4501 0.1095 0.9935 0.0310 0.2982 0.9871 -0.1051 -0.1206 80.7921
-0.1158 0.0426 -0.9924 -88.6513 0.1117 0.9933 0.0296 0.3660 0.9870 -0.1074 -0.1198 80.6394
-0.1142 0.0433 -0.9925 -89.8544 0.1097 0.9935 0.0307 0.3788 0.9874 -0.1054 -0.1182 80.5152
-0.1131 0.0407 -0.9928 -91.0391 0.1080 0.9937 0.0284 0.3751 0.9877 -0.1040 -0.1168 80.3795
-0.1116 0.0422 -0.9929 -92.2016 0.1091 0.9936 0.0300 0.4267 0.9878 -0.1049 -0.1154 80.2629
-0.1100 0.0394 -0.9931 -93.4096 0.1093 0.9936 0.0273 0.4503 0.9879 -0.1055 -0.1136 80.1149
-0.1055 0.0394 -0.9936 -94.4247 0.1092 0.9936 0.0278 0.4454 0.9884 -0.1056 -0.1091 80.1119
-0.1054 0.0368 -0.9937 -95.6796 0.1085 0.9938 0.0253 0.4699 0.9885 -0.1051 -0.1088 79.9327
-0.1046 0.0342 -0.9939 -96.9951 0.1083 0.9939 0.0228 0.5264 0.9886 -0.1053 -0.1077 79.8299
-0.1035 0.0333 -0.9941 -98.2303 0.1083 0.9939 0.0220 0.5190 0.9887 -0.1054 -0.1065 79.7063
-0.1046 0.0279 -0.9941 -99.4974 0.1095 0.9938 0.0164 0.5714 0.9885 -0.1072 -0.1070 79.5537
-0.1069 0.0257 -0.9939 -100.7511 0.1089 0.9940 0.0139 0.6103 0.9883 -0.1067 -0.1090 79.4054
-0.1081 0.0241 -0.9938 -102.0055 0.1092 0.9939 0.0122 0.6533 0.9881 -0.1073 -0.1101 79.2589
-0.1101 0.0252 -0.9936 -103.2828 0.1114 0.9937 0.0128 0.7200 0.9877 -0.1093 -0.1122 79.0701
-0.1106 0.0275 -0.9935 -104.5285 0.1117 0.9936 0.0151 0.7515 0.9876 -0.1093 -0.1130 78.9451
-0.1075 0.0270 -0.9938 -105.8909 0.1111 0.9937 0.0150 0.8009 0.9880 -0.1088 -0.1099 78.8521
-0.1119 0.0240 -0.9934 -107.2153 0.1080 0.9941 0.0119 0.8896 0.9878 -0.1059 -0.1138 78.6196
-0.1152 0.0236 -0.9931 -108.4412 0.1088 0.9940 0.0110 0.9071 0.9874 -0.1068 -0.1171 78.4931
-0.1208 0.0186 -0.9925 -109.6596 0.1146 0.9934 0.0047 0.9147 0.9860 -0.1132 -0.1222 78.3433
-0.1287 0.0190 -0.9915 -110.9112 0.1181 0.9930 0.0038 0.9167 0.9846 -0.1166 -0.1300 78.1432
-0.1349 0.0254 -0.9905 -112.2001 0.1161 0.9932 0.0097 0.9416 0.9840 -0.1137 -0.1370 78.0556
-0.1452 0.0286 -0.9890 -113.3609 0.1130 0.9935 0.0121 0.8993 0.9829 -0.1100 -0.1475 77.8564
-0.1569 0.0273 -0.9872 -114.5597 0.1128 0.9936 0.0096 0.8795 0.9812 -0.1098 -0.1590 77.7359
-0.1717 0.0299 -0.9847 -115.7821 0.1128 0.9936 0.0105 0.8890 0.9787 -0.1093 -0.1739 77.5177
-0.1839 0.0291 -0.9825 -116.8731 0.1093 0.9940 0.0090 0.8741 0.9769 -0.1058 -0.1859 77.4454
-0.2024 0.0368 -0.9786 -117.9977 0.1099 0.9938 0.0147 0.8293 0.9731 -0.1046 -0.2052 77.1669
-0.2181 0.0374 -0.9752 -119.2085 0.1122 0.9936 0.0130 0.8252 0.9695 -0.1066 -0.2209 76.8992
-0.2324 0.0384 -0.9719 -120.3362 0.1177 0.9930 0.0111 0.8709 0.9655 -0.1118 -0.2353 76.6464
-0.2503 0.0351 -0.9675 -121.4406 0.1160 0.9932 0.0060 0.8748 0.9612 -0.1107 -0.2526 76.3148
-0.2668 0.0299 -0.9633 -122.6565 0.1109 0.9938 0.0001 0.8889 0.9573 -0.1068 -0.2685 75.9613
-0.2824 0.0263 -0.9589 -123.8399 0.1067 0.9943 -0.0041 0.8764 0.9534 -0.1035 -0.2836 75.6345
-0.2977 0.0248 -0.9543 -124.9707 0.1087 0.9940 -0.0081 0.8684 0.9484 -0.1062 -0.2986 75.2767
-0.3018 0.0267 -0.9530 -125.7900 0.1114 0.9938 -0.0075 0.8983 0.9468 -0.1084 -0.3029 75.4271
-0.3139 0.0305 -0.9490 -126.9735 0.1136 0.9935 -0.0056 0.8764 0.9426 -0.1096 -0.3154 75.0976
-0.3294 0.0323 -0.9436 -128.1967 0.1138 0.9935 -0.0057 0.8576 0.9373 -0.1093 -0.3310 74.6109
-0.3439 0.0330 -0.9384 -129.2750 0.1116 0.9937 -0.0059 0.8302 0.9324 -0.1068 -0.3454 74.2202
-0.3588 0.0336 -0.9328 -130.3871 0.1118 0.9937 -0.0072 0.8249 0.9267 -0.1069 -0.3603 73.7977
-0.3736 0.0300 -0.9271 -131.5603 0.1121 0.9936 -0.0130 0.7934 0.9208 -0.1088 -0.3746 73.3258
-0.3880 0.0325 -0.9211 -132.6524 0.1161 0.9931 -0.0139 0.7897 0.9143 -0.1123 -0.3891 72.8951
-0.4035 0.0351 -0.9143 -133.7616 0.1175 0.9930 -0.0137 0.7524 0.9074 -0.1129 -0.4048 72.3933
-0.4178 0.0401 -0.9077 -134.9545 0.1209 0.9926 -0.0118 0.7352 0.9005 -0.1147 -0.4195 71.7768
-0.4321 0.0412 -0.9009 -136.0779 0.1247 0.9921 -0.0144 0.7164 0.8932 -0.1186 -0.4338 71.2471
-0.4454 0.0446 -0.8942 -137.1517 0.1281 0.9917 -0.0144 0.7237 0.8861 -0.1209 -0.4474 70.7751
-0.4609 0.0430 -0.8864 -138.2773 0.1259 0.9919 -0.0174 0.7192 0.8785 -0.1196 -0.4626 70.2206
-0.4773 0.0424 -0.8777 -139.4237 0.1225 0.9923 -0.0187 0.7130 0.8702 -0.1165 -0.4788 69.5757
-0.4927 0.0427 -0.8692 -140.4761 0.1234 0.9921 -0.0212 0.6974 0.8614 -0.1177 -0.4941 69.0205
-0.5088 0.0419 -0.8599 -141.5378 0.1228 0.9921 -0.0244 0.6847 0.8521 -0.1180 -0.5099 68.4005
-0.5233 0.0451 -0.8509 -142.5946 0.1249 0.9919 -0.0242 0.6774 0.8429 -0.1190 -0.5247 67.8133
-0.5396 0.0442 -0.8407 -143.6681 0.1242 0.9919 -0.0276 0.6465 0.8327 -0.1193 -0.5407 67.1201
-0.5555 0.0428 -0.8304 -144.7120 0.1231 0.9919 -0.0312 0.6158 0.8223 -0.1195 -0.5563 66.4317
-0.5699 0.0436 -0.8205 -145.7528 0.1207 0.9922 -0.0311 0.5580 0.8128 -0.1168 -0.5707 65.7250
-0.5857 0.0433 -0.8094 -146.8416 0.1170 0.9926 -0.0316 0.5203 0.8020 -0.1132 -0.5864 64.8361
-0.6022 0.0438 -0.7971 -147.8313 0.1151 0.9928 -0.0324 0.4672 0.7900 -0.1112 -0.6029 64.0306
-0.6177 0.0435 -0.7852 -148.8334 0.1130 0.9930 -0.0339 0.4090 0.7783 -0.1097 -0.6183 63.2441
-0.6333 0.0401 -0.7729 -149.8946 0.1137 0.9926 -0.0416 0.4259 0.7655 -0.1142 -0.6332 62.3956
-0.6491 0.0389 -0.7597 -150.8819 0.1130 0.9925 -0.0457 0.3573 0.7522 -0.1155 -0.6487 61.5387
-0.6647 0.0373 -0.7462 -151.9294 0.1098 0.9928 -0.0482 0.2852 0.7390 -0.1140 -0.6640 60.6555
-0.6815 0.0320 -0.7311 -152.6776 0.0999 0.9938 -0.0496 0.1818 0.7249 -0.1068 -0.6805 59.8800
-0.6989 0.0305 -0.7145 -153.6111 0.0974 0.9938 -0.0528 0.1218 0.7085 -0.1065 -0.6976 58.9761
-0.7174 0.0291 -0.6960 -154.5063 0.0942 0.9940 -0.0556 0.0357 0.6902 -0.1055 -0.7159 58.0298
-0.7343 0.0265 -0.6784 -155.3401 0.0904 0.9942 -0.0590 -0.0804 0.6728 -0.1047 -0.7324 57.1982
-0.7508 0.0272 -0.6600 -156.1901 0.0885 0.9943 -0.0597 -0.1529 0.6546 -0.1032 -0.7489 56.2525
-0.7659 0.0311 -0.6422 -157.1053 0.0908 0.9941 -0.0601 -0.2958 0.6365 -0.1043 -0.7642 55.2948
-0.7819 0.0325 -0.6226 -157.9532 0.0882 0.9944 -0.0588 -0.3857 0.6171 -0.1009 -0.7804 54.1870
-0.7965 0.0351 -0.6036 -158.7771 0.0877 0.9945 -0.0578 -0.4771 0.5982 -0.0989 -0.7952 53.1629
-0.8103 0.0392 -0.5848 -159.6182 0.0903 0.9942 -0.0586 -0.5806 0.5791 -0.1003 -0.8091 52.1265
-0.8235 0.0396 -0.5660 -160.4936 0.0908 0.9939 -0.0626 -0.7128 0.5600 -0.1030 -0.8220 51.0538
-0.8356 0.0424 -0.5477 -161.3614 0.0916 0.9938 -0.0628 -0.7701 0.5416 -0.1027 -0.8343 49.8204
-0.8467 0.0438 -0.5302 -162.1250 0.0888 0.9943 -0.0598 -0.8910 0.5246 -0.0977 -0.8457 48.7687
-0.8571 0.0463 -0.5131 -162.8297 0.0905 0.9940 -0.0615 -0.9502 0.5072 -0.0991 -0.8561 47.6701
-0.8672 0.0485 -0.4956 -163.4432 0.0923 0.9937 -0.0642 -1.0302 0.4893 -0.1015 -0.8662 46.6023
-0.8783 0.0465 -0.4758 -163.9668 0.0897 0.9936 -0.0685 -1.1058 0.4696 -0.1029 -0.8769 45.4060
-0.8879 0.0401 -0.4583 -164.4941 0.0817 0.9941 -0.0713 -1.2451 0.4528 -0.1007 -0.8859 44.3701
-0.8953 0.0413 -0.4436 -165.0774 0.0817 0.9940 -0.0723 -1.3238 0.4380 -0.1010 -0.8933 43.1836
-0.9034 0.0392 -0.4269 -165.5964 0.0785 0.9941 -0.0747 -1.4160 0.4215 -0.1010 -0.9012 41.9125
-0.9107 0.0370 -0.4114 -166.0915 0.0750 0.9942 -0.0768 -1.5064 0.4062 -0.1008 -0.9082 40.6946
-0.9159 0.0322 -0.4000 -166.6595 0.0687 0.9947 -0.0771 -1.5704 0.3954 -0.0981 -0.9133 39.5414
-0.9220 0.0296 -0.3862 -167.1368 0.0633 0.9952 -0.0749 -1.7054 0.3821 -0.0935 -0.9194 38.3860
-0.9257 0.0338 -0.3766 -167.6334 0.0649 0.9954 -0.0702 -1.8048 0.3725 -0.0894 -0.9237 37.2276
-0.9298 0.0373 -0.3662 -168.0846 0.0678 0.9952 -0.0708 -1.9149 0.3618 -0.0907 -0.9278 36.0043
-0.9317 0.0427 -0.3607 -168.5692 0.0728 0.9949 -0.0704 -2.0167 0.3558 -0.0918 -0.9300 34.8513
-0.9334 0.0485 -0.3554 -169.0097 0.0783 0.9945 -0.0700 -2.1262 0.3501 -0.0931 -0.9321 33.6742
-0.9356 0.0458 -0.3502 -169.4910 0.0754 0.9946 -0.0715 -2.2031 0.3450 -0.0933 -0.9339 32.4358
-0.9376 0.0389 -0.3455 -169.9296 0.0673 0.9952 -0.0706 -2.3134 0.3411 -0.0895 -0.9358 31.2597
-0.9402 0.0313 -0.3392 -170.3377 0.0594 0.9956 -0.0727 -2.4217 0.3354 -0.0885 -0.9379 29.9868
-0.9425 0.0239 -0.3334 -170.7537 0.0526 0.9956 -0.0775 -2.5112 0.3301 -0.0906 -0.9396 28.7582
-0.9432 0.0222 -0.3314 -171.2148 0.0507 0.9957 -0.0776 -2.6657 0.3282 -0.0900 -0.9403 27.5007
-0.9441 0.0198 -0.3289 -171.6553 0.0495 0.9954 -0.0821 -2.7479 0.3258 -0.0938 -0.9408 26.2340
-0.9448 0.0145 -0.3274 -172.0641 0.0458 0.9951 -0.0881 -2.8662 0.3245 -0.0982 -0.9408 24.9369
-0.9445 0.0164 -0.3280 -172.4845 0.0486 0.9948 -0.0899 -2.9657 0.3248 -0.1009 -0.9404 23.7439
-0.9443 0.0159 -0.3287 -172.8970 0.0491 0.9945 -0.0929 -3.0704 0.3254 -0.1039 -0.9399 22.5363
-0.9445 0.0163 -0.3280 -173.2897 0.0498 0.9943 -0.0940 -3.2093 0.3246 -0.1051 -0.9400 21.2717
-0.9434 0.0164 -0.3313 -173.7329 0.0501 0.9944 -0.0935 -3.3437 0.3279 -0.1048 -0.9389 20.0628
-0.9426 0.0128 -0.3336 -174.1570 0.0469 0.9944 -0.0942 -3.5103 0.3305 -0.1044 -0.9380 18.8590
-0.9411 0.0117 -0.3380 -174.5984 0.0464 0.9944 -0.0950 -3.6379 0.3350 -0.1051 -0.9363 17.6689
-0.9397 0.0111 -0.3418 -174.9829 0.0462 0.9944 -0.0947 -3.7544 0.3389 -0.1047 -0.9350 16.3157
-0.9382 0.0088 -0.3459 -175.3853 0.0440 0.9946 -0.0940 -3.8727 0.3432 -0.1034 -0.9336 15.0885
-0.9362 0.0036 -0.3513 -175.7867 0.0387 0.9949 -0.0928 -4.0332 0.3492 -0.1005 -0.9316 13.9116
-0.9330 0.0057 -0.3598 -176.2515 0.0416 0.9949 -0.0922 -4.1526 0.3574 -0.1010 -0.9285 12.7059
-0.9294 0.0019 -0.3691 -176.7161 0.0396 0.9947 -0.0947 -4.2700 0.3669 -0.1026 -0.9246 11.5830
-0.9260 0.0019 -0.3775 -177.1610 0.0413 0.9945 -0.0964 -4.4182 0.3752 -0.1049 -0.9210 10.3606
-0.9218 0.0005 -0.3877 -177.6330 0.0417 0.9943 -0.0980 -4.5300 0.3855 -0.1065 -0.9165 9.2305
-0.9166 0.0030 -0.3999 -178.1295 0.0458 0.9942 -0.0976 -4.6691 0.3973 -0.1077 -0.9114 8.0564
-0.9110 0.0034 -0.4123 -178.6281 0.0485 0.9939 -0.0990 -4.7753 0.4094 -0.1102 -0.9057 6.9011
-0.9044 0.0051 -0.4266 -179.1524 0.0515 0.9939 -0.0973 -4.9264 0.4235 -0.1100 -0.8992 5.7925
-0.8976 0.0071 -0.4408 -179.7088 0.0538 0.9942 -0.0935 -5.0455 0.4375 -0.1077 -0.8927 4.6146
-0.8915 0.0081 -0.4529 -180.2525 0.0565 0.9940 -0.0936 -5.1653 0.4494 -0.1090 -0.8866 3.4806
-0.8848 0.0088 -0.4659 -180.8212 0.0590 0.9939 -0.0932 -5.2766 0.4623 -0.1099 -0.8799 2.3279
-0.8774 0.0091 -0.4796 -181.4055 0.0599 0.9941 -0.0907 -5.4273 0.4759 -0.1083 -0.8728 1.1917
-0.8693 0.0126 -0.4941 -182.0187 0.0620 0.9945 -0.0838 -5.5977 0.4904 -0.1035 -0.8654 0.0969
-0.8609 0.0153 -0.5085 -182.6474 0.0652 0.9946 -0.0805 -5.7150 0.5045 -0.1025 -0.8573 -0.9515
-0.8527 0.0192 -0.5220 -183.2539 0.0695 0.9946 -0.0769 -5.8279 0.5177 -0.1019 -0.8495 -2.1177
-0.8416 0.0242 -0.5396 -183.8896 0.0747 0.9946 -0.0718 -5.9152 0.5350 -0.1007 -0.8388 -3.0792
-0.8298 0.0269 -0.5574 -184.5678 0.0778 0.9946 -0.0679 -6.0258 0.5526 -0.0997 -0.8275 -4.0634
-0.8181 0.0287 -0.5743 -185.2636 0.0809 0.9946 -0.0656 -6.1119 0.5693 -0.1002 -0.8160 -5.1285
-0.8058 0.0271 -0.5915 -185.9650 0.0802 0.9947 -0.0637 -6.2562 0.5867 -0.0988 -0.8038 -5.9914
-0.7893 0.0366 -0.6130 -186.7636 0.0873 0.9948 -0.0530 -6.3686 0.6078 -0.0954 -0.7883 -6.9199
-0.7742 0.0386 -0.6317 -187.5303 0.0887 0.9949 -0.0479 -6.4533 0.6267 -0.0932 -0.7737 -7.8606
-0.7573 0.0396 -0.6519 -188.3826 0.0909 0.9948 -0.0452 -6.5032 0.6468 -0.0935 -0.7569 -8.8151
-0.7407 0.0436 -0.6704 -189.1789 0.0955 0.9946 -0.0408 -6.5849 0.6650 -0.0943 -0.7409 -9.7702
-0.7259 0.0431 -0.6865 -189.8804 0.0963 0.9946 -0.0394 -6.6859 0.6810 -0.0947 -0.7261 -10.6288
-0.7075 0.0435 -0.7054 -190.6895 0.0974 0.9946 -0.0363 -6.7547 0.7000 -0.0944 -0.7079 -11.4453
-0.6889 0.0404 -0.7238 -191.5212 0.0964 0.9947 -0.0362 -6.8157 0.7185 -0.0947 -0.6891 -12.2963
-0.6685 0.0366 -0.7428 -192.4071 0.0954 0.9948 -0.0369 -6.8861 0.7376 -0.0955 -0.6685 -13.1269
-0.6461 0.0335 -0.7625 -193.3595 0.0975 0.9945 -0.0389 -6.8985 0.7570 -0.0995 -0.6458 -13.9084
-0.6235 0.0317 -0.7812 -194.3169 0.0969 0.9946 -0.0370 -6.9813 0.7758 -0.0988 -0.6232 -14.6623
-0.6037 0.0306 -0.7966 -195.1671 0.0983 0.9945 -0.0363 -7.0144 0.7911 -0.1003 -0.6034 -15.4013
-0.5782 0.0313 -0.8153 -196.2064 0.0997 0.9945 -0.0326 -7.0516 0.8098 -0.1001 -0.5781 -16.1104
-0.5554 0.0285 -0.8311 -197.1145 0.1010 0.9943 -0.0334 -7.0770 0.8255 -0.1025 -0.5551 -16.7899
-0.5315 0.0305 -0.8465 -198.0722 0.1049 0.9940 -0.0301 -7.1196 0.8405 -0.1048 -0.5315 -17.4731
-0.5034 0.0283 -0.8636 -199.1243 0.1040 0.9942 -0.0281 -7.1855 0.8577 -0.1039 -0.5035 -18.0905
-0.4792 0.0248 -0.8773 -199.9912 0.1030 0.9943 -0.0282 -7.2243 0.8716 -0.1039 -0.4791 -18.6905
-0.4491 0.0214 -0.8932 -201.1256 0.1023 0.9944 -0.0276 -7.2196 0.8876 -0.1038 -0.4488 -19.2466
-0.4205 0.0224 -0.9070 -202.1009 0.1039 0.9943 -0.0236 -7.2674 0.9013 -0.1042 -0.4204 -19.7757
-0.3918 0.0245 -0.9197 -203.0335 0.1054 0.9943 -0.0184 -7.3603 0.9140 -0.1042 -0.3921 -20.2732
-0.3581 0.0214 -0.9334 -204.2143 0.1073 0.9941 -0.0184 -7.3673 0.9275 -0.1068 -0.3583 -20.7099
-0.3266 0.0214 -0.9449 -205.3620 0.1097 0.9938 -0.0154 -7.3585 0.9388 -0.1087 -0.3270 -21.1545
-0.2943 0.0176 -0.9556 -206.4324 0.1113 0.9937 -0.0159 -7.3508 0.9492 -0.1110 -0.2944 -21.5172
-0.2605 0.0152 -0.9654 -207.5552 0.1113 0.9937 -0.0144 -7.3571 0.9591 -0.1112 -0.2605 -21.8400
-0.2272 0.0108 -0.9738 -208.6959 0.1094 0.9939 -0.0145 -7.3793 0.9677 -0.1098 -0.2270 -22.1535
-0.1927 0.0114 -0.9812 -209.8267 0.1064 0.9943 -0.0093 -7.4376 0.9755 -0.1061 -0.1928 -22.3956
-0.1592 0.0071 -0.9872 -210.9436 0.1059 0.9943 -0.0100 -7.4695 0.9815 -0.1062 -0.1591 -22.6604
-0.1200 0.0082 -0.9927 -212.1631 0.1043 0.9945 -0.0044 -7.4932 0.9873 -0.1040 -0.1202 -22.8038
-0.0820 0.0086 -0.9966 -213.2956 0.1024 0.9947 0.0001 -7.5322 0.9914 -0.1020 -0.0824 -22.8951
-0.0448 0.0105 -0.9989 -214.4667 0.1003 0.9949 0.0060 -7.5851 0.9939 -0.0999 -0.0456 -22.9475
-0.0089 0.0090 -0.9999 -215.5881 0.0983 0.9951 0.0081 -7.6216 0.9951 -0.0983 -0.0097 -22.9409
0.0265 0.0089 -0.9996 -216.8003 0.0969 0.9952 0.0114 -7.6315 0.9949 -0.0972 0.0255 -22.9107
0.0599 0.0025 -0.9982 -217.9441 0.1002 0.9949 0.0085 -7.5835 0.9932 -0.1005 0.0594 -22.8730
0.0951 -0.0009 -0.9955 -219.2341 0.1027 0.9947 0.0089 -7.5519 0.9902 -0.1031 0.0946 -22.7243
0.1279 -0.0004 -0.9918 -220.4825 0.1008 0.9948 0.0126 -7.5351 0.9866 -0.1016 0.1273 -22.6115
0.1601 0.0002 -0.9871 -221.6815 0.0986 0.9950 0.0162 -7.5439 0.9822 -0.0999 0.1593 -22.4408
0.1895 -0.0002 -0.9819 -222.7494 0.0980 0.9950 0.0187 -7.5683 0.9770 -0.0997 0.1886 -22.2728
0.2188 -0.0002 -0.9758 -223.8674 0.0992 0.9948 0.0221 -7.5381 0.9707 -0.1016 0.2177 -22.0790
0.2493 0.0000 -0.9684 -225.0495 0.0987 0.9948 0.0254 -7.5134 0.9634 -0.1019 0.2480 -21.8072
0.2816 0.0033 -0.9595 -226.2106 0.0943 0.9951 0.0312 -7.5147 0.9549 -0.0993 0.2799 -21.4672
0.3137 0.0014 -0.9495 -227.4238 0.0940 0.9950 0.0325 -7.5034 0.9449 -0.0994 0.3120 -21.0297
0.3436 0.0022 -0.9391 -228.5472 0.0944 0.9949 0.0369 -7.4663 0.9344 -0.1013 0.3416 -20.6584
0.3727 0.0023 -0.9280 -229.5370 0.0928 0.9949 0.0398 -7.4579 0.9233 -0.1009 0.3706 -20.2513
0.3985 -0.0048 -0.9172 -230.6171 0.0964 0.9947 0.0367 -7.3741 0.9121 -0.1031 0.3968 -19.8561
0.4253 -0.0085 -0.9050 -231.6266 0.0971 0.9946 0.0362 -7.3644 0.8998 -0.1033 0.4238 -19.4186
0.4539 -0.0084 -0.8910 -232.7393 0.0978 0.9944 0.0404 -7.3258 0.8857 -0.1055 0.4522 -18.8870
0.4819 -0.0039 -0.8762 -233.6730 0.0941 0.9944 0.0473 -7.3262 0.8712 -0.1052 0.4796 -18.4014
0.5076 -0.0064 -0.8616 -234.8200 0.0945 0.9943 0.0483 -7.2843 0.8564 -0.1060 0.5053 -17.8499
0.5332 -0.0061 -0.8459 -235.8340 0.0907 0.9946 0.0499 -7.2717 0.8411 -0.1033 0.5309 -17.2672
0.5583 -0.0106 -0.8296 -236.8081 0.0908 0.9947 0.0484 -7.2137 0.8246 -0.1024 0.5563 -16.6307
0.5808 -0.0150 -0.8139 -237.7529 0.0918 0.9947 0.0472 -7.1917 0.8088 -0.1021 0.5791 -16.0093
0.6020 -0.0152 -0.7984 -238.6671 0.0891 0.9949 0.0482 -7.1838 0.7935 -0.1001 0.6003 -15.3218
0.6224 -0.0177 -0.7825 -239.6723 0.0900 0.9947 0.0491 -7.0589 0.7775 -0.1010 0.6207 -14.5378
0.6395 -0.0204 -0.7685 -240.5909 0.0891 0.9949 0.0478 -7.0108 0.7636 -0.0991 0.6380 -13.8375
0.6570 -0.0200 -0.7537 -241.5583 0.0871 0.9950 0.0496 -6.9406 0.7489 -0.0982 0.6554 -13.0174
0.6730 -0.0202 -0.7393 -242.4627 0.0850 0.9951 0.0502 -6.8885 0.7347 -0.0967 0.6715 -12.2489
0.6882 -0.0216 -0.7252 -243.4139 0.0851 0.9951 0.0511 -6.8298 0.7205 -0.0968 0.6866 -11.4075
0.7027 -0.0243 -0.7111 -244.3421 0.0856 0.9950 0.0506 -6.7885 0.7063 -0.0964 0.7013 -10.5470
0.7189 -0.0237 -0.6947 -245.2414 0.0833 0.9952 0.0522 -6.7302 0.6901 -0.0954 0.7174 -9.6404
0.7325 -0.0228 -0.6804 -246.1498 0.0791 0.9955 0.0519 -6.6673 0.6762 -0.0918 0.7310 -8.7579
0.7387 -0.0174 -0.6738 -247.1757 0.0750 0.9956 0.0565 -6.5661 0.6699 -0.0923 0.7367 -7.9963
0.7513 -0.0177 -0.6598 -248.0884 0.0732 0.9957 0.0567 -6.5148 0.6559 -0.0909 0.7493 -7.0661
0.7637 -0.0175 -0.6453 -248.9285 0.0734 0.9955 0.0599 -6.4353 0.6413 -0.0932 0.7616 -6.1428
0.7762 -0.0190 -0.6302 -249.6966 0.0738 0.9954 0.0608 -6.3588 0.6261 -0.0937 0.7740 -5.2161
0.7880 -0.0184 -0.6153 -250.4639 0.0712 0.9956 0.0614 -6.3048 0.6115 -0.0922 0.7859 -4.2652
0.7990 -0.0186 -0.6010 -251.2226 0.0687 0.9958 0.0606 -6.2383 0.5973 -0.0897 0.7969 -3.2499
0.8088 -0.0210 -0.5877 -251.9808 0.0693 0.9958 0.0598 -6.1570 0.5840 -0.0891 0.8069 -2.2633
0.8179 -0.0244 -0.5749 -252.7648 0.0718 0.9956 0.0600 -6.0884 0.5709 -0.0903 0.8160 -1.2386
0.8263 -0.0222 -0.5628 -253.5136 0.0702 0.9955 0.0638 -6.0258 0.5589 -0.0922 0.8241 -0.2327
0.8348 -0.0230 -0.5500 -254.2124 0.0691 0.9956 0.0631 -5.9556 0.5462 -0.0907 0.8328 0.8108
0.8430 -0.0215 -0.5375 -254.8971 0.0663 0.9957 0.0643 -5.8747 0.5339 -0.0898 0.8408 1.8912
0.8496 -0.0200 -0.5270 -255.6020 0.0650 0.9956 0.0671 -5.7721 0.5233 -0.0912 0.8472 2.9846
0.8553 -0.0226 -0.5177 -256.3447 0.0668 0.9955 0.0669 -5.6558 0.5139 -0.0918 0.8529 4.2347
0.8587 -0.0216 -0.5120 -257.0099 0.0644 0.9957 0.0660 -5.5892 0.5084 -0.0897 0.8564 5.2988
0.8615 -0.0219 -0.5072 -257.7452 0.0641 0.9958 0.0659 -5.4742 0.5036 -0.0893 0.8593 6.5045
0.8642 -0.0237 -0.5026 -258.4260 0.0656 0.9957 0.0657 -5.3787 0.4989 -0.0897 0.8620 7.6728
0.8676 -0.0200 -0.4968 -259.1065 0.0619 0.9958 0.0680 -5.2368 0.4933 -0.0898 0.8652 8.8720
0.8692 -0.0246 -0.4939 -259.7581 0.0644 0.9959 0.0638 -5.1849 0.4903 -0.0872 0.8672 10.0112
0.8708 -0.0215 -0.4911 -260.5520 0.0613 0.9960 0.0651 -5.1041 0.4878 -0.0868 0.8686 11.2123
0.8739 -0.0162 -0.4859 -261.1055 0.0563 0.9961 0.0679 -5.0112 0.4829 -0.0867 0.8714 12.3166
0.8760 -0.0176 -0.4820 -261.6717 0.0566 0.9962 0.0666 -4.9635 0.4790 -0.0856 0.8736 13.4232
0.8782 -0.0141 -0.4782 -262.3118 0.0533 0.9962 0.0686 -4.8610 0.4754 -0.0857 0.8756 14.5306
0.8801 -0.0144 -0.4746 -262.9291 0.0528 0.9963 0.0678 -4.8124 0.4718 -0.0848 0.8776 15.6481
0.8824 -0.0161 -0.4702 -263.5302 0.0538 0.9963 0.0668 -4.7595 0.4674 -0.0842 0.8800 16.8682
0.8835 -0.0183 -0.4680 -264.2374 0.0556 0.9963 0.0659 -4.6855 0.4651 -0.0843 0.8812 18.0982
0.8840 -0.0231 -0.4668 -264.7906 0.0593 0.9963 0.0629 -4.6466 0.4636 -0.0833 0.8821 19.1754
0.8843 -0.0237 -0.4662 -265.3285 0.0598 0.9962 0.0628 -4.5910 0.4630 -0.0834 0.8824 20.2134
0.8845 -0.0273 -0.4658 -265.9162 0.0634 0.9961 0.0621 -4.5448 0.4622 -0.0844 0.8827 21.3210
0.8860 -0.0271 -0.4628 -266.3972 0.0632 0.9960 0.0628 -4.5030 0.4593 -0.0849 0.8842 22.4190
0.8861 -0.0311 -0.4625 -267.0816 0.0675 0.9958 0.0623 -4.4423 0.4586 -0.0865 0.8844 23.6853
0.8858 -0.0322 -0.4630 -267.7484 0.0692 0.9956 0.0631 -4.3194 0.4590 -0.0880 0.8841 24.8319
0.8865 -0.0341 -0.4615 -268.3474 0.0701 0.9957 0.0611 -4.2736 0.4574 -0.0865 0.8850 26.0278
0.8860 -0.0331 -0.4625 -268.9896 0.0688 0.9958 0.0606 -4.2152 0.4586 -0.0855 0.8845 27.1537
0.8859 -0.0308 -0.4628 -269.5100 0.0658 0.9961 0.0596 -4.1629 0.4592 -0.0833 0.8844 28.2078
0.8861 -0.0296 -0.4626 -270.1745 0.0646 0.9961 0.0600 -4.0739 0.4590 -0.0831 0.8846 29.4284
0.8860 -0.0274 -0.4628 -270.7937 0.0633 0.9961 0.0621 -4.0008 0.4593 -0.0843 0.8843 30.6072
0.8851 -0.0269 -0.4646 -271.4882 0.0646 0.9958 0.0655 -3.8905 0.4608 -0.0880 0.8831 31.7640
0.8858 -0.0263 -0.4633 -272.0974 0.0644 0.9957 0.0666 -3.7884 0.4595 -0.0889 0.8837 32.9900
0.8855 -0.0282 -0.4638 -272.7769 0.0657 0.9957 0.0650 -3.6936 0.4600 -0.0881 0.8836 34.2162
0.8868 -0.0298 -0.4612 -273.3690 0.0661 0.9958 0.0627 -3.5996 0.4574 -0.0861 0.8851 35.4895
0.8868 -0.0307 -0.4611 -273.9962 0.0660 0.9960 0.0606 -3.5604 0.4574 -0.0842 0.8853 36.6893
0.8867 -0.0304 -0.4614 -274.6619 0.0658 0.9960 0.0608 -3.4964 0.4577 -0.0843 0.8851 37.8922
0.8865 -0.0313 -0.4616 -275.3505 0.0676 0.9958 0.0622 -3.4030 0.4577 -0.0863 0.8849 39.1258
0.8882 -0.0315 -0.4583 -275.9496 0.0678 0.9957 0.0629 -3.2983 0.4543 -0.0869 0.8866 40.4292
0.8879 -0.0345 -0.4588 -276.5940 0.0709 0.9955 0.0622 -3.2497 0.4546 -0.0878 0.8863 41.6553
0.8878 -0.0371 -0.4587 -277.2266 0.0732 0.9954 0.0611 -3.1705 0.4543 -0.0879 0.8865 42.8363
0.8860 -0.0455 -0.4615 -277.8851 0.0793 0.9954 0.0541 -3.1006 0.4570 -0.0845 0.8855 43.9602
0.8858 -0.0469 -0.4618 -278.5523 0.0783 0.9957 0.0489 -3.0438 0.4575 -0.0795 0.8857 45.1760
0.8851 -0.0494 -0.4627 -279.2047 0.0794 0.9958 0.0457 -3.0018 0.4585 -0.0772 0.8853 46.4028
0.8848 -0.0495 -0.4633 -279.9478 0.0799 0.9957 0.0463 -2.9662 0.4590 -0.0780 0.8850 47.6664
0.8844 -0.0503 -0.4640 -280.6515 0.0807 0.9957 0.0458 -2.9175 0.4597 -0.0779 0.8847 48.9096
0.8849 -0.0455 -0.4636 -281.3663 0.0754 0.9961 0.0460 -2.8600 0.4597 -0.0757 0.8849 50.1871
0.8853 -0.0454 -0.4628 -282.0330 0.0747 0.9962 0.0451 -2.7841 0.4590 -0.0745 0.8853 51.4024
0.8863 -0.0484 -0.4605 -282.6463 0.0773 0.9960 0.0441 -2.7275 0.4565 -0.0747 0.8866 52.6852
0.8874 -0.0476 -0.4585 -283.3173 0.0770 0.9960 0.0457 -2.6773 0.4544 -0.0759 0.8875 53.9374
0.8886 -0.0476 -0.4562 -284.0433 0.0770 0.9960 0.0461 -2.6028 0.4522 -0.0761 0.8887 55.2689
0.8899 -0.0480 -0.4537 -284.6854 0.0765 0.9961 0.0445 -2.5657 0.4498 -0.0743 0.8901 56.4947
0.8907 -0.0531 -0.4515 -285.2989 0.0798 0.9960 0.0402 -2.5473 0.4475 -0.0718 0.8914 57.6770
0.8917 -0.0529 -0.4496 -285.9189 0.0783 0.9962 0.0382 -2.5070 0.4458 -0.0693 0.8924 58.8569
0.8927 -0.0534 -0.4476 -286.5257 0.0779 0.9963 0.0365 -2.4668 0.4439 -0.0675 0.8935 60.0365
0.8943 -0.0534 -0.4443 -287.1158 0.0774 0.9963 0.0361 -2.4510 0.4408 -0.0667 0.8951 61.2398
0.8957 -0.0539 -0.4413 -287.6945 0.0781 0.9963 0.0369 -2.4140 0.4377 -0.0675 0.8966 62.4358
0.8964 -0.0555 -0.4398 -288.2446 0.0800 0.9961 0.0375 -2.4027 0.4360 -0.0688 0.8973 63.5040
0.8975 -0.0564 -0.4375 -288.7962 0.0804 0.9961 0.0367 -2.3862 0.4337 -0.0681 0.8985 64.6330
0.8984 -0.0592 -0.4351 -289.2843 0.0818 0.9961 0.0336 -2.3898 0.4314 -0.0658 0.8998 65.7526
0.8990 -0.0604 -0.4337 -289.8470 0.0844 0.9958 0.0363 -2.3521 0.4297 -0.0692 0.9003 66.9181
0.8987 -0.0604 -0.4345 -290.4633 0.0861 0.9955 0.0396 -2.3518 0.4301 -0.0730 0.8998 68.0923
0.8982 -0.0640 -0.4348 -291.0079 0.0909 0.9950 0.0415 -2.3355 0.4300 -0.0769 0.8996 69.1854
0.8974 -0.0695 -0.4358 -291.5114 0.0962 0.9946 0.0394 -2.3422 0.4307 -0.0773 0.8992 70.3009
0.8946 -0.0745 -0.4405 -292.0698 0.1008 0.9942 0.0365 -2.3207 0.4353 -0.0771 0.8970 71.3643
0.8916 -0.0776 -0.4461 -292.6560 0.1057 0.9937 0.0384 -2.2122 0.4402 -0.0814 0.8942 72.5704
0.8868 -0.0813 -0.4549 -293.2573 0.1099 0.9933 0.0368 -2.1910 0.4488 -0.0826 0.8898 73.6542
0.8819 -0.0809 -0.4644 -293.8263 0.1105 0.9932 0.0368 -2.1652 0.4582 -0.0838 0.8849 74.7031
0.8764 -0.0821 -0.4745 -294.4291 0.1123 0.9930 0.0356 -2.1363 0.4682 -0.0845 0.8796 75.7796
0.8711 -0.0832 -0.4841 -294.9957 0.1136 0.9929 0.0338 -2.1072 0.4778 -0.0845 0.8744 76.8803
0.8643 -0.0815 -0.4964 -295.6226 0.1125 0.9931 0.0327 -2.0981 0.4903 -0.0841 0.8675 77.9561
0.8580 -0.0850 -0.5065 -296.1273 0.1161 0.9928 0.0299 -2.0715 0.5003 -0.0845 0.8617 79.0081
0.8505 -0.0845 -0.5192 -296.6591 0.1168 0.9927 0.0296 -2.0536 0.5129 -0.0858 0.8541 80.0147
0.8414 -0.0870 -0.5334 -297.2547 0.1200 0.9924 0.0275 -2.0295 0.5269 -0.0872 0.8454 81.0527
0.8311 -0.0918 -0.5485 -297.8905 0.1262 0.9917 0.0253 -2.0456 0.5416 -0.0902 0.8358 82.1085
0.8202 -0.0936 -0.5644 -298.5329 0.1319 0.9909 0.0274 -1.9445 0.5567 -0.0970 0.8250 83.1448
0.8077 -0.0952 -0.5818 -299.1936 0.1353 0.9905 0.0257 -1.9340 0.5738 -0.0995 0.8129 84.1085
0.7929 -0.0949 -0.6019 -299.9784 0.1375 0.9902 0.0249 -1.8777 0.5936 -0.1025 0.7982 85.1090
0.7779 -0.0945 -0.6212 -300.6994 0.1382 0.9901 0.0225 -1.8580 0.6130 -0.1034 0.7833 86.0474
0.7625 -0.0962 -0.6398 -301.4392 0.1417 0.9897 0.0200 -1.8258 0.6313 -0.1059 0.7683 86.9966
0.7427 -0.0957 -0.6627 -302.3336 0.1465 0.9890 0.0214 -1.7673 0.6534 -0.1130 0.7485 87.8869
0.7249 -0.0965 -0.6820 -303.1327 0.1505 0.9884 0.0201 -1.7358 0.6722 -0.1172 0.7311 88.7975
0.7060 -0.0936 -0.7020 -303.8737 0.1523 0.9881 0.0214 -1.6777 0.6916 -0.1220 0.7119 89.6391
0.6867 -0.0932 -0.7210 -304.5979 0.1549 0.9877 0.0199 -1.6399 0.7103 -0.1253 0.6927 90.4785
0.6644 -0.0918 -0.7417 -305.4229 0.1560 0.9876 0.0175 -1.6390 0.7309 -0.1273 0.6705 91.3006
0.6387 -0.0902 -0.7642 -306.3320 0.1573 0.9874 0.0149 -1.6291 0.7532 -0.1297 0.6449 92.0796
0.6115 -0.0859 -0.7866 -307.3320 0.1580 0.9873 0.0150 -1.5936 0.7753 -0.1334 0.6173 92.8120
0.5839 -0.0882 -0.8070 -308.2389 0.1622 0.9867 0.0095 -1.6129 0.7955 -0.1364 0.5904 93.5340
0.5552 -0.0854 -0.8273 -309.1600 0.1646 0.9863 0.0087 -1.6147 0.8153 -0.1410 0.5617 94.1748
0.5229 -0.0823 -0.8484 -310.1401 0.1667 0.9860 0.0071 -1.6530 0.8359 -0.1452 0.5293 94.7131
0.4932 -0.0813 -0.8661 -311.0927 0.1664 0.9861 0.0022 -1.6913 0.8538 -0.1452 0.4999 95.3235
0.4635 -0.0785 -0.8826 -312.0568 0.1660 0.9861 -0.0005 -1.7064 0.8704 -0.1463 0.4701 95.8654
0.4321 -0.0757 -0.8986 -313.0261 0.1648 0.9863 -0.0038 -1.7575 0.8866 -0.1464 0.4387 96.3590
0.4023 -0.0744 -0.9125 -313.9370 0.1629 0.9866 -0.0086 -1.8970 0.9009 -0.1451 0.4091 96.9004
0.3654 -0.0553 -0.9292 -315.3896 0.1726 0.9849 0.0093 -1.6318 0.9147 -0.1638 0.3695 97.1261
0.3337 -0.0521 -0.9412 -316.4291 0.1762 0.9843 0.0080 -1.6228 0.9261 -0.1686 0.3377 97.5370
0.3013 -0.0484 -0.9523 -317.4929 0.1775 0.9841 0.0061 -1.6161 0.9369 -0.1708 0.3051 97.9218
0.2679 -0.0465 -0.9623 -318.5056 0.1760 0.9844 0.0014 -1.6271 0.9472 -0.1697 0.2719 98.2739
0.2359 -0.0442 -0.9708 -319.5522 0.1735 0.9848 -0.0026 -1.6465 0.9562 -0.1678 0.2400 98.5920
0.2009 -0.0417 -0.9787 -320.6992 0.1739 0.9847 -0.0062 -1.6446 0.9641 -0.1690 0.2050 98.8339
0.1682 -0.0372 -0.9851 -321.8512 0.1770 0.9842 -0.0070 -1.6223 0.9697 -0.1731 0.1721 99.1478
0.1341 -0.0356 -0.9903 -322.8430 0.1817 0.9833 -0.0108 -1.6393 0.9742 -0.1785 0.1384 99.3422
0.0967 -0.0323 -0.9948 -323.9649 0.1853 0.9826 -0.0139 -1.6863 0.9779 -0.1830 0.1010 99.4478
0.0604 -0.0293 -0.9977 -325.0646 0.1881 0.9820 -0.0175 -1.6993 0.9803 -0.1866 0.0648 99.5221
0.0248 -0.0280 -0.9993 -326.1966 0.1839 0.9827 -0.0229 -1.7707 0.9826 -0.1832 0.0295 99.5731
-0.0104 -0.0238 -0.9997 -327.3312 0.1803 0.9833 -0.0253 -1.7769 0.9836 -0.1805 -0.0059 99.5982
-0.0456 -0.0220 -0.9987 -328.4236 0.1791 0.9834 -0.0298 -1.7880 0.9828 -0.1803 -0.0409 99.5925
-0.0821 -0.0182 -0.9965 -329.5252 0.1807 0.9830 -0.0328 -1.8426 0.9801 -0.1828 -0.0774 99.5677
-0.1207 -0.0118 -0.9926 -330.5787 0.1830 0.9825 -0.0340 -1.8966 0.9757 -0.1858 -0.1165 99.4355
-0.1585 -0.0084 -0.9873 -331.6533 0.1821 0.9826 -0.0376 -1.9516 0.9704 -0.1858 -0.1542 99.2760
